140396
140395
140394
140393
140024
140014
140013
140012
140011
140006
140005
140004
140003
139838
139795
139794
139793
139792
139791
139790
139789
139788
139567
139566
139565
139564
139533
139532
139531
139526
139406
139405
139404
139403
139235
139228
139227
139226
139225
139123
139122
139121
139120
136548
136547
136546
136545
136477
136476
136475
136474
136434
136433
136432
136431
136361
136360
136359
136358
136144
136143
136142
136141
136045
136044
136043
136042
135905
135904
135903
135902
135788
135787
135786
135785
135780
135779
135778
135777
135721
135710
135709
135708
135707
135606
135566
135565
135564
135563
135509
135508
135507
135506
135379
135378
135377
135376
135371
135327
135326
135325
135324
135156
135155
135154
135153
135105
135104
135103
135102
135065
135064
135063
135062
134973
134972
134811
134810
134809
134808
134771
134770
134769
134768
134763
134690
134689
134688
134687
134672
134671
134670
134669
134626
134625
134624
134623
134614
134613
134612
134611
134320
134319
134318
134317
134316
134315
134314
134313
134196
134195
134194
134193
133973
133856
133855
133854
133718
133717
133716
133715
133484
133387
133333
133332
133331
133330
133284
133283
133282
133281
131339
131338
131337
131336
130602
130601
130600
130599
130445
130442
130323
130322
130284
130283
130281
130238
130237
130026
130025
130024
130023
130022
130021
129974
129972
129871
129869
129848
129847
129846
129710
129708
129665
129664
129663
129661
129660
129658
129444
129443
129394
129392
129391
129120
129119
129118
129117
128954
128933
128931
128695
128693
128674
128671
128390
128388
128323
128321
128168
128167
128166
128165
127813
127811
127810
127516
127515
127339
127337
126211
126210
126209
120901
120900
120899
120898
120794
120793
120777
120772
120558
120391
120390
120389
120388
120304
120299
120280
120273
120272
120271
120266
120265
120262
120253
119862
119861
119833
119832
119831
119829
119828
119805
119804
119800
119799
119784
119692
119691
119690
119689
119688
119687
119686
119424
119421
119370
119369
119368
119305
119304
119303
119302
119301
118328
118308
118307
118306
118305
118304
115402
115401
115400
115399
115398
114297
112715
112714
112713
112712
112635
112213
112212
112211
112210
112077
112076
111971
109353
109351
109350
109349
109255
109254
105283
105282
105281
105280
105279
105278
105275
105274
105080
103884
103397
103396
103395
103394
103393
103392
103140
102703
102701
102672
102013
102012
102011
102010
102009
102008
102007
101986
101847
101714
101402
101401
101400
101399
101398
101397
101394
101393
101206
100725
100724
100723
100641
100623
100622
100621
100620
100619
100618
140504
120839
120838
120837
120836
103228
103227
103226
103225
118221
118220
133198
133197
133196
133195
119571
119570
119569
119568
112014
103885
100051
100048
100047
100046
100044
100043
100042
100041
118720
118719
118718
118717
118716
118715
118701
118700
118698
118696
118695
118618
118612
118611
118610
118609
114252
114251
112341
112340
103052
103051
103050
103049
103048
100855
100853
100852
100851
100849
100848
100845
100844
100843
100842
100838
100837
120197
119125
119124
119123
103349
103348
103347
103344
103340
101751
101750
133109
133108
133107
133106
132922
132921
132920
132919
120249
120248
101185
101184
119139
119137
119136
119135
115995
115994
115993
115992
115991
103736
103735
103734
139585
139584
139583
139582
132994
132993
132992
132991
118367
118366
118365
118364
118363
115489
108693
108692
108691
108690
139389
139387
122786
120537
120536
120535
120534
104492
104489
104488
104486
104485
104484
139434
139433
130934
120198
120196
120191
120190
120189
120188
120187
115505
112119
104308
103343
103342
103341
101755
101754
101752
101748
100359
100357
132858
132857
132856
132855
118893
118892
118891
113248
111915
111703
104241
104240
140598
140597
140596
140595
140736
140735
140734
140733
119138
140086
139260
139259
139258
139257
131597
131596
131595
131594
126164
126163
120411
120410
120408
120407
120406
118451
118450
118449
118345
113104
113103
113102
113096
101549
101078
100247
100244
100234
100233
140437
139890
139889
139605
139604
139603
139602
139563
139562
139561
139560
139541
139538
139537
139536
139535
139534
139386
139240
139239
139238
139237
138306
138305
138304
138301
138300
138299
138298
138297
138294
138292
138289
138288
138287
138286
138285
138284
138283
138282
138281
138280
138279
138278
130946
130489
130487
130486
130479
130476
130474
130473
130472
130471
130465
130459
130013
125349
125345
125342
125337
125259
125129
122235
120216
120213
120212
120211
120210
120209
120040
120039
120038
120037
119791
119790
119766
119765
119764
119748
119747
119746
119745
119513
119512
119511
119469
119468
119467
119466
119416
119415
119414
119285
119284
119283
119282
119164
119163
119162
119161
119110
119109
119094
119093
119092
119091
119090
119089
119088
118910
118909
118908
118907
118906
118904
118903
118902
118901
118862
118861
118860
118859
118579
118578
118577
118508
118507
118066
118065
118058
118056
115328
112647
112646
112645
112636
112458
112457
112445
111707
111705
111704
111647
111646
111645
111644
106842
103637
103636
103635
103634
103633
102443
102442
102441
101997
101996
101995
101994
101993
101976
101974
101973
101972
101971
101970
101894
101893
101892
101409
101408
101407
101221
101048
101044
100898
100897
100896
100895
100877
100876
100875
100874
100873
100868
100835
100834
100833
100548
100547
100546
100541
100538
100537
119423
119422
102153
102152
101987
101984
101983
101982
101861
101860
101858
131469
131468
131467
131466
140764
140763
140762
140761
131403
131402
131401
131400
129924
131276
131274
131273
131134
131133
131132
131131
141067
141066
141065
134961
134960
134959
134958
134957
134956
134955
134954
120490
120489
100219
100218
133412
133411
133410
133409
133408
133407
133406
133405
133404
133403
133402
133401
133400
131477
131476
130904
120484
120483
117608
115132
112039
112038
111550
111549
108479
107693
103491
103490
100221
100220
140913
136570
136569
136568
136567
136566
136565
136564
136563
135174
135173
135172
135171
135170
135169
135168
135167
133399
133398
133397
133396
133395
133394
131485
131484
131483
131482
130604
130603
120482
120481
119250
119249
119248
119247
119242
119241
119219
119218
119213
119212
119096
119095
119077
119076
119071
119070
119020
119019
113153
113032
112901
105989
105875
104773
104772
104482
104481
103820
103819
103781
103780
102435
102434
101636
101635
100082
100081
100080
140414
140413
140392
140391
140390
140389
140388
140387
140386
140385
140384
140383
140382
140381
140356
140355
140354
140353
140352
140351
140350
140349
140348
140347
140241
140240
140239
140238
140228
140227
140226
140225
140175
140174
140173
140172
140171
140170
140169
140168
140120
140119
140118
140117
140107
140102
140094
140089
140088
140087
140085
140084
140068
140067
140066
140065
140032
140031
140030
140029
139988
139987
139986
139985
139972
139971
139970